-0.00022658
-0.0012318
-0.0086845
0.0045205
0.0057733
0.0025053
-0.00022658
-0.0012318
-0.0086845
0.0045205
0.0057733
0.0025053
-0.00022658
-0.0012318
-0.0086845
0.0045205
0.0057733
0.0025053
-0.00022658
-0.0012318
-0.0086845
0.0045205
0.0057733
0.0025053
-0.00022658
-0.0012318
-0.0086845
0.0045205
0.0057733
0.0025053
-0.00022658
-0.0012318
-0.0086845
0.0045205
0.0057733
0.0025053
-0.00022658
-0.0012318
-0.0086845
0.0045205
0.0057733
0.0025053
-0.00022658
-0.0012318
-0.0086845
0.0045205
0.0057733
0.0025053
-0.00022658
-0.0012318
-0.0086845
0.0045205
0.0057733
0.0025053
-0.0012318
-0.0086845
0.0045205
0.0057733
0.0025053
-0.00022658
-0.0012318
-0.0086845
0.0045205
0.0057733
0.002503
0.00022658
-0.0012318
-0.0086845
0.0045205
0.0057733
0.0025053
-0.00022658
-0.0012318
-0.0086845
0.0045205
0.0057733
0.0025053
0.0025053
0.0025053
-0.0012318
-0.0086845
0.0045205
0.0057733
0.0025053
0.0025053
0.0025053
-0.0012318
-0.0086845
0.0045205
0.0057733
0.0025053
0.0025053
0.0025053
-0.0012318
-0.0086845
0.0045205
0.0057733
0.0025053
0.0025053
0.0025053
-0.0012318
-0.0086845
0.0045205
0.0057733
0.0025053
0.0025053
0.0025053
